90 90 90 90 90 90 90 90 
90 90 90 90 90 90 90 90 
90 90 90 90 90 90 90 90
90 90 90 90 90 90 90 90 /* 0x20 */

90 90 90 90 90 90 90 90 
90 90 90 90 90 90 90 90 
90 90 90 90 90 90 90 90
90 90 90 90 90 90 90 90 /* 0x20 */

90 90 90 90 90 90 90 90 
90 90 90 90 90 90 90 90 
90 90 90 90 90 90 90 90
90 90 90 90 90 90 90 90 /* 0x20 */

90 90 90 90 90 90 90 90 
90 90 90 90 90 90 90 90 
90 90 90 90 90 90 90 90
90 90 90 90 90 90 90 90 /* 0x20 */ /* 0x80 */

90 90 90 90 90 90 90 90 
90 90 90 90 90 90 90 90 
90 90 90 90 90 90 90 90
90 90 90 90 90 90 90 90 /* 0x20 */

90 90 90 90 90 90 90 90 
90 90 90 90 90 90 90 90 
90 90 90 90 90 90 90 90
90 90 90 90 90 90 90 90 /* 0x20 */

90 90 90 90 90 90 90 90 
90 90 90 90 90 90 90 90 
90 90 90 90 90 90 90 90
90 90 90 90 90 90 90 90 /* 0x20 */

90 90 90 90 90 90 90 90 
90 90 90 90 90 90 90 90 
90 90 90 90 90 90 90 90
90 90 90 90 90 90 90 90 /* 0x20 */ /* 0x100 */

90 90 90 90 90 90 90 90 
90 90 90 90 90 90 90 90 
90 90 90 90 90 90 90 90
90 90 90 90 90 90 90 90 /* 0x20 */

90 90 90 90 90 90 90 90 
90 90 90 90 90 90 90 90 
90 90 90 90 90 90 90 90
90 90 90 90 90 90 90 90 /* 0x20 */

90 90 90 90 90 90 90 90 
90 90 90 90 90 90 90 90 
90 90 90 90 90 90 90 90
90 90 90 90 90 90 90 90 /* 0x20 */

90 90 90 90 90 90 90 90 
90 90 90 90 90 90 90 90 
90 90 90 90 90 90 90 90
90 90 90 90 90 90 90 90 /* 0x20 */ /* 0x180 */

90 90 90 90 90 90 90 90 
90 90 90 90 90 90 90 90 
90 90 90 90 90 90 90 90
90 90 90 90 90 90 90 90 /* 0x20 */

90 90 90 90 90 90 90 90 
90 90 90 90 90 90 90 90 
90 90 90 90 90 90 90 90
90 90 90 90 90 90 90 90 /* 0x20 */

90 90 90 90 90 90 90 90 
90 90 90 90 90 90 90 90 
90 90 90 90 90 90 90 90
90 90 90 90 90 90 90 90 
/* 0x20 */


/* 90 90 90 90 90 90 90 90
   90 90 90 90 90 90 90 90  */

   b8 e0 23 8f 37 89 e5 83 
   c5 28 68 42 8d 04 08 c3
90 90 90 90 90 90 90 90 
90 90 90 90 90 90 90 90 

                            /* 0x20 */ /* 0x200 */

90 90 90 90 90 90 90 90


f0 39 68 55 
00 3a 68 55

/* 0x55 68 39 a0 */

